r1=3;

v1=(4*pi*r1^3)/3
v2=v1*1.3;
r2=((3*v2)/(4*pi))^(1/3)